/* 744 bytes of buffer */
90 90 90 90 90
90 90 90 90 90
90 90 90 90 90
90 90 90 90 90
90 90 90 90 90
90 90 90 90 90
90 90 90 90 90
90 90 90 90 90
90 90 90 90 90
90 90 90 90 90
90 90 90 90 90
90 90 90 90 90
90 90 90 90 90
90 90 90 90 90
90 90 90 90 90
90 90 90 90 90
90 90 90 90 90
90 90 90 90 90
90 90 90 90 90
90 90 90 90 90

/* 100 cums to fill the machine */

90 90 90 90 90
90 90 90 90 90
90 90 90 90 90
90 90 90 90 90
90 90 90 90 90
90 90 90 90 90
90 90 90 90 90
90 90 90 90 90
90 90 90 90 90
90 90 90 90 90
90 90 90 90 90
90 90 90 90 90
90 90 90 90 90
90 90 90 90 90
90 90 90 90 90
90 90 90 90 90
90 90 90 90 90
90 90 90 90 90
90 90 90 90 90
90 90 90 90 90

/* 200 cums to fill the machine */

90 90 90 90 90
90 90 90 90 90
90 90 90 90 90
90 90 90 90 90
90 90 90 90 90
90 90 90 90 90
90 90 90 90 90
90 90 90 90 90
90 90 90 90 90
90 90 90 90 90
90 90 90 90 90
90 90 90 90 90
90 90 90 90 90
90 90 90 90 90
90 90 90 90 90
90 90 90 90 90
90 90 90 90 90
90 90 90 90 90
90 90 90 90 90
90 90 90 90 90

/* 300 cums to fill the machine */

90 90 90 90 90
90 90 90 90 90
90 90 90 90 90
90 90 90 90 90
90 90 90 90 90
90 90 90 90 90
90 90 90 90 90
90 90 90 90 90
90 90 90 90 90
90 90 90 90 90
90 90 90 90 90
90 90 90 90 90
90 90 90 90 90
90 90 90 90 90
90 90 90 90 90
90 90 90 90 90
90 90 90 90 90
90 90 90 90 90
90 90 90 90 90
90 90 90 90 90

/* 400 cums to fill the machine */

90 90 90 90 90
90 90 90 90 90
90 90 90 90 90
90 90 90 90 90
90 90 90 90 90
90 90 90 90 90
90 90 90 90 90
90 90 90 90 90
90 90 90 90 90
90 90 90 90 90
90 90 90 90 90
90 90 90 90 90
90 90 90 90 90
90 90 90 90 90
90 90 90 90 90
90 90 90 90 90
90 90 90 90 90
90 90 90 90 90
90 90 90 90 90
90 90 90 90 90

/* 500 cums to fill the machine */

90 90 90 90 90
90 90 90 90 90
90 90 90 90 90
90 90 90 90 90
90 90 90 90 90
90 90 90 90 90
90 90 90 90 90
90 90 90 90 90
90 90 90 90 90
90 90 90 90 90
90 90 90 90 90
90 90 90 90 90
90 90 90 90 90
90 90 90 90 90
90 90 90 90 90
90 90 90 90 90
90 90 90 90 90
90 90 90 90 90
90 90 90 90 90
90 90 90 90 90

/* 600 cums to fill the machine */

90 90 90 90 90
90 90 90 90 90
90 90 90 90 90
90 90 90 90 90
90 90 90 90 90
90 90 90 90 90
90 90 90 90 90
90 90 90 90 90
90 90 90 90 90
90 90 90 90 90
90 90 90 90 90
90 90 90 90 90
90 90 90 90 90
90 90 90 90 90
90 90 90 90 90
90 90 90 90 90
90 90 90 90 90
90 90 90 90 90
90 90 90 90 90
90 90 90 90 90

/* 700 cums to fill the machine */

90 90 90 90 90
90 90 90 90 90
90 90 90 90 90
90 90 90 90
/* 719 cums to fill the machine */

b8 1f 63 15 41
8d 6c 24 38 68 
37 96 04 08 c3
/* 15 bytes of good code */
06 b3 68 55